% # columns="iteration, evaluation, sigma, max axis length,  min axis length, all principal axes lengths  (sorted square roots of eigenvalues of C)", seed=261937, Mon Apr 10 10:39:12 2023
1 8 1.0097785767412504 1.0000375007031337 1.0 1.0 1.0000125000781253 1.0000250003125026 1.0000375007031337
2 16 1.13164369308402 1.1722601581907242 0.7720739507987441 0.7720739507987441 0.9768231305712242 0.9931188805872146 1.1722601581907242
3 24 1.392846506479356 1.2939986148835176 0.775579114789058 0.775579114789058 0.9248024165606323 0.9743575377428694 1.2939986148835176
4 32 1.768801062690289 1.6039293501101708 0.6876977462898097 0.6876977462898097 0.8786813636774612 0.994045723866744 1.6039293501101708
5 40 2.0373587818354038 1.881268759134478 0.6865048256356375 0.6865048256356375 0.8964218175912192 0.9478112994872242 1.881268759134478
6 48 1.9450419192022532 1.9785319778720007 0.7092338617579135 0.7092338617579135 0.8299090598478107 0.9378942541410047 1.9785319778720007
7 56 1.6685066073879693 1.8285654102899567 0.6994786325606229 0.6994786325606229 0.7916046574080177 0.9099180004843261 1.8285654102899567
8 64 1.3453503165027587 1.7362306869650679 0.6977977334517377 0.6977977334517377 0.7381946186487219 0.9067165983969214 1.7362306869650679
9 72 1.2854768481716223 1.7161570464786016 0.6516508997294933 0.6516508997294933 0.7182891062112828 0.896808449586086 1.7161570464786016
